1 1 1 1 1
1 0 0 0 1
1 0 0 0 1
1 0 0 0 1
1 1 1 1 1

0 1 1 1 0
1 0 0 0 1
1 0 0 0 1
1 0 0 0 1
0 1 1 1 0

1 1 1 1 1
1 0 0 0 1
1 0 0 0 1
1 0 0 0 1
1 1 1 1 1

1 1 1 1 1
1 0 0 0 1
1 0 0 0 1
1 0 0 0 1
1 1 1 1 1

1 1 1 1 1
1 0 0 0 1
1 0 0 0 1
1 0 0 0 1
1 1 1 1 1

1 1 1 1 1
1 0 0 0 1
1 0 0 0 1
1 0 0 0 1
1 1 1 1 1

0 1 1 1 0
1 0 0 0 1
1 0 0 0 1
1 0 0 0 1
0 1 1 1 0

0 1 1 1 0
1 0 0 0 1
1 0 0 0 1
1 0 0 0 1
0 1 1 1 0

0 0 1 0 0
0 1 1 1 0
1 0 0 0 1
1 1 1 1 1
1 1 1 1 1

0 0 1 0 0
0 1 1 1 0
1 0 0 0 1
1 1 1 1 1
1 1 1 1 1

// Add more samples
1 1 1 1 1
1 0 0 0 1
1 0 0 0 1
1 0 0 0 1
1 1 1 1 1

0 1 1 1 0
1 0 0 0 1
1 0 0 0 1
1 0 0 0 1
0 1 1 1 0

0 0 1 0 0
0 1 1 1 0
1 0 0 0 1
1 1 1 1 1
1 1 1 1 1

1 1 1 1 1
1 0 0 0 1
1 0 0 0 1
1 0 0 0 1
1 1 1 1 1

0 1 1 1 0
1 0 0 0 1
1 0 0 0 1
1 0 0 0 1
0 1 1 1 0

0 0 1 0 0
0 1 1 1 0
1 0 0 0 1
1 1 1 1 1
1 1 1 1 1